4446	1	11160	
2895	1	11488	
3831	1	10989	
4247	1	11026	
2538	1	10978	
2598	1	11441	
4630	1	11998	
3594	1	11321	
4599	1	11894	
412	1	10973	
1395	2	11834	11835	
4437	1	11133	
4596	3	11910	11911	11917	
4530	1	11658	
4435	1	11129	
4499	1	11875	
4432	1	11118	
4495	1	11490	
603	2	11467	11955	
4232	1	11476	
1520	1	11006	
4627	1	11967	
4199	1	11163	
4292	1	11301	
1911	1	10977	
4620	1	11959	
4586	2	11850	11919	
4585	1	11848	
4584	1	11849	
4329	1	11417	
3970	1	10975	
1183	1	11148	
4480	3	11420	11421	11422	
3128	1	11841	
4382	1	11830	
4287	2	11023	11076	
1478	1	10991	
4613	1	11963	
4517	1	11822	
4610	1	11926	
1802	1	11654	
4022	1	11497	
3902	1	11506	
4318	1	11135	
4571	1	11831	
3278	1	11009	
3277	1	11008	
4215	1	11025	
4373	1	11116	
4278	1	11036	
4277	1	11024	
2568	1	11884	
4112	3	11447	11448	11449	
4508	2	11551	11573	
4601	1	11923	
4600	4	11920	11921	11930	11960	
4408	1	11041	
4010	3	11373	11374	11375	
4500	5	11724	11796	11798	11799	11800	
1851	1	11111	
1360	2	11878	11918	
4563	4	11764	11821	11824	11826	
4562	2	11749	11757	
4466	1	11238	
4460	1	11272	
2006	1	11168	
4268	1	11991	
77	2	10976	11114	
1256	1	11879	
4553	1	11823	
4457	1	11440	
4551	2	11703	11705	
3452	1	11484	
4455	1	11197	
4452	1	11182	
4356	1	11011	
3052	1	11079	
1834	7	11525	11526	11532	11538	11540	11546	11547	
