696
1532
1794
1819
1901
1979
1993
2018
2067
2072
2094
2095
2102
2110
2118
2120
2123
2131
2132
2133
2134
2136
2137
2140
2142
2143
2145
2146
2149
2151
2152
2153
2154
2156
2158
2159
2161
2162
2163
2164
2167
2168
2169
2170
2171
2172
2174
2178
2187
2189
2191
2196
2197
2199
2204
2208
2209
2220
2221
2227
2228
2229
2230
2231
2234
2235
2236
2238
2240
2244
2245
2247
2253
2255
2257
2260
2261
2264
2267
2269
2271
2275
2282
2283
2284
2288
2289
2292
2293
2295
2298
2304
2305
2318
2320
2321
2324
2325
2326
2328
2330
2332
2335
2336
2342
2343
2346
2347
2348
2353
2354
2355
2357
2366
2368
2369
2374
2377
2378
2388
2390
2391
2400
2405
2409
2410
2414
2418
2421
2423
2425
2432
2435
2437
2440
2443
2444
