1009
1288
1308
1597
1853
1860
1925
2148
2421
2454
2462
2501
3110
3208
3422
3494
3524
3535
3719
3766
3819
3930
3963
4252
4258
4327
4374
4394
440
4401
4430
4569
4570
4615
4629
4632
4638
4647
4648
4651
4654
4675
4677
4679
4685
4690
4697
4734
4735
4745
4749
4752
4760
4764
4774
4777
4780
4784
4792
4802
4808
4812
4817
4824
4830
4832
4862
4869
4876
4882
4889
4890
4894
4897
4903
4905
4906
4911
4912
4916
4917
4923
4928
4935
4936
4937
4939
4947
4949
4951
4953
4955
4956
4958
4969
4980
4987
4988
4989
4995
5000
5013
5014
5024
5027
5029
5032
5038
5040
5048
5064
5071
5077
5088
5089
5101
5115
5157
5160
5171
5174
5183
5186
5189
5193
5195
5202
5204
5205
5207
5211
5229
5230
5232
5234
5241
5245
5247
5252
5256
5258
5262
5263
5264
5266
5267
5268
5269
5270
5271
5278
5280
5282
5286
5289
5295
5298
5299
5302
5303
5307
5308
5316
5318
5320
5325
5328
5330
5336
5338
5342
5346
5352
5353
5354
5355
5356
5362
5364
5365
5366
5367
5368
5369
5373
5376
5387
5388
5393
5395
5401
5402
5403
5406
5410
5414
5416
5418
5419
5420
5421
5428
5434
5438
5443
5446
5455
5460
618
