5072	3	14623	14624	14625	
5071	1	15167	
1597	1	12855	
4824	1	13250	
5469	1	15943	
4822	1	13224	
4784	1	12831	
5462	1	15918	
5460	1	15928	
5101	4	15345	15393	15394	15513	
4780	1	12826	
5064	1	14615	
5063	1	14608	
5062	2	14955	14956	
4817	1	14733	
4816	1	13132	
4812	1	13129	
5458	2	15916	15920	
5457	1	15915	
4777	5	12779	12780	12781	12782	12783	
5455	1	15919	
4774	1	12801	
5057	1	14575	
5054	1	14571	
4374	1	12083	
5052	2	14570	14574	
3693	2	12063	12070	
4808	2	14345	14390	
4802	1	14083	
5446	1	15910	
5443	2	15914	15954	
4764	1	12670	
4761	1	12655	
4401	1	12064	
4760	2	13759	13760	
5048	1	14565	
5046	1	14855	
5045	1	14561	
5044	2	14644	15583	
5040	1	14716	
3322	1	12603	
5438	7	15887	15888	15891	15893	15896	15932	15933	
3719	1	15147	
5434	2	16025	16049	
5433	3	15886	15927	15930	
4752	1	14043	
5430	1	15882	
5038	3	15156	15157	15164	
5396	2	15727	15741	
5395	1	15723	
5393	1	15720	
5032	2	14605	14606	
2237	1	12351	
5428	1	15851	
4749	1	12570	
4745	1	16024	
5421	1	15981	
5420	4	15881	15955	15959	15961	
5029	4	14800	14812	15334	15547	
5388	1	15771	
5387	1	15689	
5027	2	14421	14422	
5384	1	15773	
5024	2	15609	15621	
5419	1	15877	
5418	1	15878	
5416	1	15837	
5414	1	16022	
4735	2	12880	12881	
4734	1	14739	
5410	1	15823	
5377	1	15687	
5376	1	15686	
4697	1	14621	
5016	1	14449	
5014	1	14825	
5373	2	15970	15982	
5013	3	14347	14367	14368	
5370	1	15674	
4690	1	12263	
4729	2	12472	12478	
5406	1	15779	
4725	2	12391	12392	
5403	1	15777	
4724	4	14785	14786	14787	14788	
5402	1	15770	
2171	1	12538	
4723	1	12384	
5369	1	15676	
5401	1	15753	
5368	3	15681	15683	15688	
4720	1	16028	
5367	1	15680	
5007	1	14323	
5366	1	15675	
4327	1	13336	
4686	1	12249	
5365	1	15682	
4685	2	12204	12383	
5005	1	14527	
5364	1	15684	
5362	1	15677	
5360	1	15752	
1925	3	12847	12856	12885	
4680	1	12199	
5000	1	14835	
618	1	13068	
4719	1	12357	
4718	2	12358	12359	
4716	1	12352	
4713	1	16055	
4712	1	12738	
4679	1	12167	
4677	2	12168	14734	
5356	2	15649	15665	
5355	2	15670	15671	
4675	2	12307	12308	
5354	1	15645	
5353	1	15644	
5352	1	15640	
5347	1	15666	
5346	2	15615	15616	
5343	1	16041	
5342	1	15622	
1860	1	14161	
2148	1	14186	
5338	1	15601	
4657	1	12090	
5336	1	15594	
4654	1	13734	
5332	1	15595	
5299	1	15566	
4651	1	12242	
5298	2	15538	15580	
5330	1	15590	
4258	1	13763	
5295	1	15522	
4252	2	12516	12518	
1853	1	15322	
5328	1	15587	
4648	1	12051	
4647	1	12250	
5325	2	15579	15646	
2093	1	14440	
3963	1	12065	
5289	1	15540	
5288	1	15526	
5320	1	15648	
4640	1	12220	
5286	1	15498	
3208	1	14164	
5282	1	15589	
5281	1	15588	
5280	1	15501	
1446	3	12303	12304	12305	
5318	1	15607	
4638	1	14188	
5316	1	15561	
4995	1	14288	
4994	15	15370	15371	15383	15385	15386	15387	15388	15389	15390	15405	15412	15541	15585	15638	15642	
4632	2	12052	12053	
5278	3	15500	15514	15515	
5277	1	15436	
5271	1	15443	
5270	1	15444	
4989	2	14479	14500	
4629	1	12774	
4988	2	14340	14341	
5308	1	15608	
4987	1	14192	
5307	1	15637	
4625	1	14165	
5303	1	15591	
5302	1	15542	
4622	1	12212	
5269	1	15495	
5301	4	15537	15548	15549	15597	
4980	1	14201	
5268	1	15432	
5300	1	15534	
5267	4	15413	15415	15416	15428	
5266	1	15427	
5264	2	15446	15504	
5263	1	15375	
5262	1	15359	
2501	1	14020	
2462	1	14291	
4615	2	14537	14562	
5258	1	15815	
3930	1	13477	
5256	1	15814	
5255	3	15401	15402	15404	
3535	2	14781	14783	
5252	2	15312	15313	
5251	1	15602	
4570	3	12562	12563	12564	
3494	1	12276	
2454	1	14162	
4969	2	14076	14077	
3926	1	15685	
4569	3	12558	12559	12560	
5247	4	15310	15342	15343	15357	
5245	4	15408	15409	15410	15411	
3524	4	12171	12172	12193	12194	
5241	1	15525	
4958	1	14023	
1009	3	14408	14409	14411	
4956	1	13998	
4955	1	13997	
4953	4	13963	13964	13965	13966	
4951	5	14058	14059	14068	14069	14070	
5234	1	15560	
5232	1	15245	
5230	1	15227	
5195	1	15180	
5193	2	15142	15146	
3110	9	12112	12113	12119	12120	12121	12122	12124	12126	12133	
4949	1	13937	
4948	4	14348	14373	14375	14376	
4947	2	14114	14132	
4946	11	14029	14160	14178	14179	14181	14275	14316	14317	14519	14521	14522	
440	1	12567	
5229	2	15234	15235	
5227	3	15254	15257	15258	
5189	1	15088	
5186	1	15086	
5183	1	15087	
5182	7	15091	15097	15098	15581	15584	15641	15643	
2421	1	14191	
4939	1	13992	
4937	1	13873	
4936	4	13877	13882	13883	13884	
4935	1	13857	
4899	2	13737	13739	
4897	2	13735	14030	
4894	1	14184	
4893	1	13714	
5211	3	15213	15228	15236	
5178	2	15106	15107	
5210	1	15183	
4890	2	13715	13720	
5174	1	15029	
5173	1	15040	
5171	2	15092	15144	
4928	1	13900	
4925	4	13960	13961	14515	14516	
4924	1	13872	
4923	1	13854	
4922	1	14066	
4889	2	13697	13698	
5207	3	15191	15192	15193	
3849	3	13451	13452	13473	
4885	8	13728	13729	13731	13765	13847	13898	13939	13970	
5205	1	15168	
5204	1	15162	
4882	1	13685	
5202	1	15169	
5168	1	15011	
5166	1	15831	
5160	3	15078	15090	15971	
2008	1	15112	
4917	1	13797	
4916	1	13796	
4912	1	13790	
4911	1	13788	
1288	1	13439	
4878	5	13708	13710	13711	13712	13713	
4876	1	13671	
4875	1	13631	
5158	1	14970	
5157	1	14971	
5154	1	14950	
5151	2	15019	15020	
4112	1	12244	
4909	1	13778	
4908	1	13789	
4906	1	13758	
4905	1	13753	
4903	1	14498	
4869	2	13749	13750	
4863	1	13590	
4862	1	13580	
5141	1	14926	
3422	1	13193	
1308	3	13062	13065	13092	
3819	1	13575	
5493	1	15969	
5491	1	15968	
5130	1	15018	
5129	1	14919	
3766	1	13987	
5482	1	15972	
5123	2	14872	15041	
5089	3	14895	14902	14953	
5121	5	14890	14900	14910	14966	15006	
5088	3	14770	14771	14772	
5086	1	14723	
5084	2	14731	14732	
4839	1	13432	
5479	1	15957	
4832	2	14137	14139	
5478	1	15956	
4831	2	13300	13327	
5119	1	14853	
4798	1	12958	
4830	1	13447	
5115	1	15145	
4792	1	14748	
5079	1	14745	
5110	2	14818	14819	
4430	3	13244	15750	15952	
5077	2	14725	14726	
4395	3	13216	13217	13218	
4394	7	12315	12326	12328	12332	12334	12335	12337	
