2173112	1	13898	
1936058	1	12848	
1999448	3	13153	13403	13404	
1868923	1	12118	
1593576	2	14897	14898	
1883809	1	11659	
1779849	1	11438	
1541372	1	6905	
981012	1	13537	
1538743	1	10702	
1687268	1	9230	
2122926	1	13749	
1571629	1	7505	
1646058	1	8802	
1730075	1	10275	
1593375	1	12096	
1687264	1	9231	
2569381	1	15360	
2179149	1	14044	
1565447	1	8219	
1628053	1	8309	
1641997	1	8719	
1548902	1	6880	
2596087	1	14652	
1672086	1	12867	
1594234	1	8022	
1663617	1	9000	
1737563	1	9920	
1570554	1	7183	
1540730	1	6900	
1608948	1	8275	
1541009	3	13907	6702	6704	
1726211	1	10714	
2819438	1	15834	
1600380	1	8107	
1775258	1	10451	
2688862	1	14798	
1560584	1	10323	
1808797	1	10834	
1542026	1	7074	
1611766	1	8301	
2068307	2	13437	13656	
2100926	1	13631	
2129419	1	13831	
2834900	2	15962	16018	
1538728	1	6686	
1913979	1	12263	
1628432	1	12387	
1549282	1	7024	
1768638	1	10827	
1658252	1	9104	
1546200	1	8274	
1500938	1	12087	
1593359	1	8244	
1538720	1	6685	
2446121	1	14514	
2015394	1	13051	
1730845	1	14964	
1910061	1	12710	
2823909	1	15717	
1650718	1	13654	
2671628	1	14805	
1533473	1	6690	
2825203	1	15737	
1887293	1	12492	
2093501	1	13654	
1729313	1	10897	
2169354	1	13882	
2911122	1	16624	
1961989	2	12635	12636	
1600401	1	8108	
2017514	1	14298	
1593543	2	10771	11199	
1698783	1	9454	
1592085	1	9472	
1599024	1	8099	
1954020	1	12526	
1659666	1	9027	
2003560	1	12936	
1676041	1	9102	
2833822	2	15878	15880	
1571752	1	8091	
1854542	1	13648	
1912735	1	13771	
1542365	1	6821	
2762745	1	14929	
1593735	1	8580	
1747300	1	13791	
1608486	1	13048	
1560006	1	10828	
2007149	1	13052	
1520774	1	12712	
2199003	1	13958	
1818140	1	12509	
1654051	1	8912	
2882702	1	16406	
1584436	1	8998	
1538702	2	6812	6817	
2887516	1	16532	
2887515	1	16553	
2037755	1	13189	
1630805	1	9125	
2220033	2	14040	15589	
2015210	1	13054	
1990960	1	13371	
1556663	1	12050	
1760646	1	10149	
2152509	1	13910	
2842084	1	16027	
2712031	1	14853	
2308694	1	14664	
2898661	1	16515	
2060078	1	14983	
1520769	1	10818	
2842678	1	16109	
1193683	2	10249	13404	
1644479	1	9060	
1504855	1	10401	
2218621	1	15189	
1788460	1	11222	
1593526	1	10817	
1075058	1	12053	
1593523	1	8316	
1984974	1	12858	
1849215	1	13649	
2609091	1	14889	
2777073	3	14972	14978	15182	
2220025	2	14041	14073	
1569735	1	9084	
1538452	1	6682	
1642574	1	8942	
1708881	1	9490	
2818327	1	15827	
1719711	1	10002	
1382388	1	9013	
1748509	1	9938	
2844750	1	16233	
2548764	1	14534	
2077326	1	13508	
1538051	2	6677	8339	
1825720	1	11428	
1645528	1	8810	
1668893	1	9092	
2067556	1	14045	
1834620	1	11849	
1788847	1	10456	
1708876	1	9488	
1796916	1	10600	
2183929	2	14043	14071	
1576535	1	7633	
2069249	1	13907	
1692315	1	9893	
1578785	2	7627	7629	
1744674	1	9868	
1931333	1	12359	
1292706	1	6798	
1789707	1	10464	
1965532	1	12675	
1575505	2	13152	7621	
1766853	1	13847	
1984000	1	12792	
1763932	1	10751	
1906288	1	12118	
2587311	1	14711	
1982663	1	12768	
1593464	1	8581	
2875426	1	16365	
2744708	1	14918	
2555956	1	14592	
1667659	1	9019	
2790435	1	15304	
1873290	1	12385	
1691638	1	10282	
1974620	1	14268	
1555403	1	7051	
950961	2	10708	13404	
2842444	1	16331	
1942313	1	12489	
1749475	2	10453	10458	
2887040	3	16420	16442	16444	
2047448	1	13275	
2818261	1	15701	
2646484	2	15965	16021	
1702228	1	9453	
1594910	1	8093	
2824045	1	15732	
1687147	1	9226	
2806043	1	15712	
1609303	1	8175	
2089713	1	13507	
1589360	1	7886	
1574587	1	9037	
2759434	1	14923	
1947676	1	12517	
1715109	1	9855	
1666815	1	9516	
2907139	1	16591	
2920287	1	16724	
2038731	1	13200	
1906301	1	12108	
2645056	1	14710	
1932733	1	12368	
2321838	2	14091	14255	
1965114	1	12672	
1540578	2	9528	9840	
2881152	1	16407	
2781716	1	15005	
1894235	1	12492	
1755440	1	10066	
2570229	1	15360	
1938174	1	12391	
1720572	1	10265	
1936518	1	14253	
1638642	1	8676	
2045733	1	14665	
1957237	1	12552	
1869978	1	12026	
1543889	1	6809	
1166530	1	11176	
917669	1	10569	
1955140	1	12803	
1565277	1	7131	
2814857	1	15625	
1469586	1	9142	
1633393	1	14888	
1968223	1	14079	
2819701	1	15691	
1934813	1	12522	
1687684	1	9460	
1601718	1	8169	
1527419	1	7063	
1599709	1	8105	
1755430	1	10575	
1694133	3	12708	12733	12774	
1724940	1	9888	
1747951	1	9929	
1649033	1	9095	
2173091	2	13899	13907	
1654543	1	8924	
1687284	1	9347	
1740456	1	9832	
1541821	1	6881	
1664900	1	9006	
1593392	1	8102	
2846169	3	16129	16133	16136	
1574562	1	7490	
1775281	1	10432	
2779500	1	14988	
1764090	1	10896	
1782091	1	10573	
1671312	2	13881	13907	
1923613	2	13400	13402	
1739675	1	9837	
1620694	1	13533	
2091052	3	13629	14605	14612	
2696564	1	14964	
2152004	1	13855	
1781853	1	10571	
1593389	1	8015	
1986608	1	12808	
1910097	1	13650	
1534016	1	8282	
1617509	1	8320	
2896464	1	16532	
1706534	1	9755	
2668434	1	14799	
1678608	1	9134	
1868690	1	12335	
1723506	1	9753	
1656225	1	9005	
2050039	1	13310	
1536064	1	6800	
1866836	1	11564	
