950961
981012
1193683
1292706
1382388
1520774
1533473
1536064
1538051
1538702
1538743
1541009
1541372
1542026
1548902
1549282
1560584
1565447
1569735
1570554
1571629
1571752
1575505
1584436
1589360
1593359
1593389
1593523
1593576
1594910
1599709
1600401
1601718
1617509
1620694
1630805
1641997
1654543
1658252
1663617
1664900
1668893
1671312
1694133
1723506
1724940
1739675
1744674
1825720
1834620
1866836
1869978
1883809
1887293
1906288
1910061
1913979
1931333
1942313
1965114
1984000
1984974
2015210
2017514
2069249
2089713
2091052
2129419
2169354
2173091
2173112
2183929
2218621
2220033
2596087
2688862
2744708
2759434
2762745
2777073
2781716
2823909
2824045
2882702
2896464
2911122
