321	1	3520	
227	1	3423	
226	1	3255	
225	1	3330	
221	1	3254	
185	1	3240	
59	1	2759	
52	2	1065	2688	
317	1	3475	
313	1	3526	
311	1	3562	
217	1	3248	
214	1	3207	
213	1	3212	
277	1	3424	
212	1	3195	
117	1	2974	
116	1	3414	
274	1	3415	
179	1	3329	
178	1	3192	
271	1	3406	
177	1	3160	
176	1	3327	
111	1	2997	
110	1	2969	
173	1	3386	
48	1	1000	
45	1	969	
43	3	2648	2649	2650	
42	1	956	
309	1	3455	
108	1	2994	
107	1	2966	
103	1	2984	
261	1	3381	
102	1	2965	
167	4	3202	3343	3352	3353	
166	1	3256	
165	1	3238	
39	1	956	
164	2	3241	3242	
38	1	2822	
163	1	3209	
37	1	2760	
98	1	2949	
31	1	921	
30	2	1000	2523	
94	4	3244	3245	3246	3247	
91	1	2927	
258	1	3371	
257	4	3364	3365	3366	3367	
254	1	3347	
251	1	3326	
250	1	3306	
153	1	3214	
151	1	3130	
24	1	2473	
89	1	2924	
87	1	2886	
21	2	957	2455	
86	2	2898	2947	
20	4	909	910	911	2465	
85	1	2897	
248	1	3321	
247	1	3314	
245	1	3282	
7	1	2373	
244	1	3281	
6	2	922	932	
243	1	3279	
147	1	3356	
145	2	3096	3097	
1	1	2314	
142	1	3071	
16	2	2518	2520	
140	1	3259	
13	1	2379	
78	1	2801	
77	1	2801	
11	1	2377	
10	1	2404	
334	1	3534	
238	1	3277	
331	1	3522	
237	1	3312	
330	1	3524	
235	1	3283	
139	1	3064	
233	1	3275	
138	1	3066	
231	1	3339	
137	1	3173	
67	1	2770	
66	1	2764	
329	1	3518	
60	1	2878	
328	1	3520	
327	1	3523	