5
6
7
8
10
11
12
14
15
16
17
18
19
21
22
25
26
27
28
30
31
32
33
34
35
36
38
39
40
42
43
44
45
46
47
48
49
51
52
53
54
55
56
57
58
60
62
63
65
66
67
68
70
71
72
74
75
77
78
81
82
83
84
87
88
89
92
93
95
96
97
99
100
102
103
104
105
106
107
109
113
114
116
117
120
121
122
123
125
126
127
128
129
130
131
132
133
138
139
140
141
143
146
148
149
150
151
152
153
154
155
156
158
159
160
163
166
171
172
179
180
185
186
188
189
190
192
193
194
196
197
198
199
200
201
202
203
204
205
206
207
208
209
210
211
213
214
215
216
217
219
220
221
222
225
227
230
233
234
237
238
240
241
244
245
247
248
249
250
253
256
257
258
259
261
262
267
268
269
273
274
275
276
277
279
282
283
284
285
287
289
290
292
293
294
295
296
297
298
300
301
302
304
305
306
308
309
310
311
312
313
314
317
319
320
321
322
324
326
327
328
329
332
334
335
339
341
343
346
347
349
350
351
352
353
357
361
362
364
365
366
367
368
371
372
373
374
375
378
379
383
386
388
389
391
392
394
395
396
398
399
400
402
403
404
408
410
411
413
415
416
417
418
419
420
422
424
425
426
431
434
437
440
441
442
445
446
447
448
449
451
452
453
454
457
459
460
461
462
463
466
468
470
471
472
474
475
476
477
478
480
481
482
483
485
486
487
490
492
495
497
498
501
502
503
504
506
507
508
509
510
511
512
514
515
519
520
521
525
527
528
529
533
534
537
548
549
550
552
553
555
557
560
561
562
563
564
565
566
567
569
570
573
574
581
582
585
586
587
588
592
593
595
596
597
598
599
600
601
602
605
606
607
609
611
612
615
618
619
620
621
622
623
625
626
629
631
632
633
634
635
639
640
642
643
644
645
646
647
649
650
651
652
654
655
656
657
658
659
660
661
662
665
667
668
671
672
674
678
679
682
683
687
688
692
693
695
697
698
700
701
702
703
704
705
709
710
711
712
714
716
717
720
724
725
726
727
731
733
736
738
739
741
742
745
746
747
748
749
750
751
752
753
755
756
757
758
760
761
764
767
770
771
773
775
777
778
779
780
781
782
784
785
786
787
788
789
790
791
792
793
794
797
798
799
800
801
803
805
808
809
811
812
813
814
816
817
818
820
821
822
823
824
826
827
828
829
830
831
832
833
837
839
840
841
842
843
844
845
846
847
849
850
852
853
854
858
861
863
864
865
866
869
870
874
875
876
877
879
882
883
884
886
889
890
892
896
897
900
901
903
904
906
907
908
910
915
916
917
918
920
923
924
925
926
927
928
929
930
931
932
934
935
936
940
941
943
947
948
956
958
961
962
963
965
969
970
973
975
976
981
982
983
984
986
989
990
991
992
995
997
999
1000
1005
1006
1009
1010
1011
1012
1013
1014
1015
1019
1021
1022
1024
1025
1026
1027
1028
1031
1032
1035
1036
1038
1041
1042
1044
1047
1048
1053
1056
1060
1062
1063
1070
1074
1076
1078
1083
1084
1087
1090
1096
1100
1102
1104
1105
1109
1110
1113
1115
1117
1118
1124
1126
1127
1128
1129
1130
1133
1135
1136
1137
1145
1146
1147
1152
1156
1159
1160
1166
1169
1170
1171
1177
1180
1182
1183
1188
1192
1193
1196
1198
1201
1202
1204
1209
1210
1217
1218
1221
1222
1223
1224
1226
1228
1229
1231
1232
1233
1241
1243
1244
1246
1248
1251
1252
1257
1259
1263
1265
1268
1269
1270
1271
1272
1274
1276
1277
1278
1279
1280
1286
1291
1292
1294
1295
1298
1302
1303
1305
1310
1311
1317
1319
1322
1323
1324
1325
1326
1327
1329
1330
1335
1336
1341
1351
1352
1353
1354
1357
1361
1362
1363
1365
1369
1370
1371
1373
1374
1375
1376
1377
1378
1380
1381
1383
1385
1387
1389
1391
1392
1393
1399
1404
1410
1411
1412
1413
1416
1418
1420
1421
1422
1423
1424
1427
1433
1435
1441
1442
1445
1446
1450
1451
1459
1461
1463
1465
1467
1469
1476
1477
1483
1487
1488
1489
1490
1491
1494
1495
1497
1498
1499
1500
1502
1503
1506
1507
1509
1511
1512
1519
1521
1526
1529
1530
1539
1541
1542
1544
1547
1548
1549
1553
1556
1558
1561
1564
1567
1571
1576
1578
1579
1580
1581
1584
1586
1587
1589
1594
1597
1600
