2122
2409
2495
2689
2834
3164
3434
3456
3478
3507
3558
3838
3846
3861
3870
3886
3892
3935
3939
3954
3956
3958
3959
3960
3968
3969
3970
3971
3974
3976
3977
3978
3979
3982
3983
3984
3985
3986
3988
3990
3991
3995
3996
3997
3998
3999
4000
4003
4005
4006
4008
4013
4014
4015
4017
4018
4019
4020
4021
4022
4023
4024
4025
4027
4028
4029
4030
4031
4032
4033
4034
4035
4037
4038
4039
4041
4043
4044
4046
4047
4048
4050
4052
4053
4054
4055
4056
4057
4058
4060
4061
4062
4064
4065
4067
4068
4069
4070
4071
4074
4075
4076
4077
4078
4079
4080
4082
4085
4086
4088
4089
4091
4098
4099
4101
4102
4104
4105
4106
4108
4109
4110
4112
4113
4114
4116
4117
4118
4119
4122
4123
4124
4125
4127
4128
4129
4132
4133
4134
4135
4136
4137
4139
4140
4141
4143
4144
4145
4146
4149
4151
4153
4154
4155
4156
4157
4158
4159
4160
4161
4162
4164
4166
4169
4170
4171
4175
4176
4177
4178
4180
4181
4182
4184
4186
4187
4194
4195
4196
4197
4199
4201
4202
4205
4212
4214
4215
4217
4218
4219
4220
4224
4226
4227
4230
4235
4238
4241
4245
4246
4250
4252
4253
4256
4257
4258
4259
4261
4263
4267
4298
4299
4312
4314
4316
4318
4319
4321
4324
4325
4328
4335
