4349	1	10924	
2732	1	10174	
2145	1	10482	
4342	1	10934	
4248	2	10691	10694	
2144	1	10482	
3891	1	9759	
4245	1	10765	
3145	1	9722	
4148	4	10332	10351	10410	10411	
3631	1	10278	
3790	2	10871	10877	
4049	1	9999	
3929	1	9712	
3928	2	9711	9731	
4043	1	9992	
3498	1	10779	
1884	1	10892	
3923	1	9710	
3921	1	10775	
3980	1	9872	
4333	1	10901	
4237	1	10681	
3882	1	10197	
4330	1	10919	
4298	1	10820	
3198	1	10537	
4231	1	10649	
4137	1	10486	
3197	1	10157	
2522	1	10369	
1911	1	10722	
4037	1	9980	
4130	1	10380	
4194	1	10557	
3918	3	9756	9757	9758	
4098	1	10206	
2976	1	10217	
4097	1	10176	
2325	8	10005	10317	10319	10320	10382	10507	9884	9923	
4031	9	10831	10832	10833	10847	10848	10849	10850	10854	10855	
3912	1	9746	
3817	1	10862	
3911	1	9725	
3420	1	10771	
2225	9	10294	10297	10310	10323	10324	10329	10373	10378	10383	
3974	1	9821	
1285	2	10674	10930	
3814	1	10363	
3718	2	10162	10206	
3812	1	10538	
2618	1	10542	
2712	1	10543	
4324	1	10910	
4322	1	10896	
4227	2	10613	10637	
3619	1	10945	
3711	1	9911	
1671	1	10821	
4129	1	10255	
3774	1	9871	
4222	2	10599	10711	
3773	1	10191	
4123	1	10236	
4281	2	10872	10885	
4280	1	10863	
4186	1	10533	
4088	2	10080	10148	
4181	1	10927	
4180	2	10556	10776	
4085	1	10070	
2472	1	10357	
3967	1	9771	
3803	1	9721	
3962	1	9768	
1113	2	10658	10667	
3375	1	9904	
3119	1	9809	
4279	1	10785	
4372	2	10958	10959	
4276	1	10789	
4274	2	10778	10876	
549	3	10156	10165	10172	
3665	1	9875	
4272	1	10777	
4178	1	10485	
2500	1	9766	
4019	1	10161	
4271	1	10767	
4110	1	10387	
4173	1	10467	
4078	1	10060	
1207	11	10248	10399	10405	10505	10513	10514	10525	10526	10546	10563	10564	
4011	1	10142	
2460	1	10673	
4072	1	10073	
3363	3	9904	9919	9922	
4367	1	10957	
4302	2	10869	10870	
4366	1	10946	
2168	1	9861	
4364	1	10941	
4363	1	10949	
4362	1	10933	
4108	1	10178	
4200	1	10587	
3100	1	10193	
3164	4	9769	9770	9812	9833	
4103	1	10477	
4167	1	10936	
4102	1	10162	
4101	1	10325	
4007	2	10454	9931	
4100	1	10555	
4005	1	10123	
1942	3	10431	10432	10441	
4162	1	10395	
3947	1	10609	
3945	1	9830	
3848	1	10156	
3350	1	10544	
4354	1	10928	
1641	1	10281	
3156	1	10064	
4158	1	10387	
4251	1	10709	
3643	1	9760	
4155	1	10780	
4151	1	10367	
3938	1	9733	
3937	1	10690	
3934	1	9712	
