532
534
673
896
1028
1576
1984
1997
2002
2041
2091
2130
2162
2234
2423
2438
2446
2999
3155
3476
3519
3573
3838
3955
4035
4160
4378
4381
4403
4415
4478
4628
4729
4753
4785
4805
4808
4923
5111
5133
5172
5196
5244
5313
5317
5416
5463
5553
5560
5610
5615
5823
5824
5840
5865
5866
5886
6025
6045
6047
6075
6092
6096
6107
6114
6122
6124
6125
6126
6128
6131
6133
6137
6138
6144
6146
6147
6148
6150
6151
6154
6157
6158
6161
6162
6163
6167
6168
6169
6178
6179
6181
6182
6183
6184
6185
6186
6188
6189
6193
6195
6196
6197
6200
6201
6202
6206
6207
6212
6213
6215
6216
6221
6224
6225
6227
6228
6230
6231
6233
6240
6241
6242
6243
6244
6246
6248
6253
6254
6255
6258
6259
6261
6262
6266
6268
6272
6273
6276
6283
6284
6285
6287
6288
6291
6292
6294
6295
6296
6297
6299
6304
6306
6307
6314
6315
6317
6318
6320
6321
6322
6323
6324
6330
6337
6338
6342
6346
6348
6349
6350
6351
6352
6356
6357
6361
6362
6363
6370
6371
6373
6374
6378
6380
6383
6386
6387
6396
6400
6401
6408
6410
6411
6419
6421
6423
6426
6429
6432
6434
6437
6438
6440
6441
6443
6446
6447
6453
6455
6456
6457
6459
6463
6464
6468
6477
6484
6488
6493
6495
6496
6501
6502
6503
6504
6505
6507
6508
6509
6511
6514
6515
6516
6517
6518
6519
6520
6521
6523
6529
6532
6533
6534
6535
6540
6542
6543
6545
6546
6547
6552
6553
6554
6559
6562
6563
6565
6566
6567
6575
6576
6577
6585
6587
6588
6590
6595
6596
6597
6599
6602
6611
6612
6613
6614
6615
6623
6624
6626
6629
6634
6637
6638
6642
6644
6649
6650
6651
6660
6661
6663
6664
6665
6666
6667
6668
6670
6672
6674
6676
6683
6685
6688
6689
6690
6691
6692
6693
