1
2
25
38
124
129
140
248
288
289
301
306
323
324
325
330
352
365
372
374
383
388
392
395
400
413
415
430
431
432
435
436
437
438
439
440
441
443
444
446
448
449
450
451
452
453
454
455
456
460
461
462
465
468
469
470
475
478
479
481
483
485
486
489
490
491
494
496
503
504
508
510
511
512
513
514
515
526
528
539
540
541
543
544
546
550
556
557
561
563
564
565
569
572
573
575
577
578
580
583
584
586
587
593
601
605
607
608
609
610
611
615
618
620
621
623
627
629
635
638
641
645
650
651
652
653
654
657
659
660
669
672
676
678
683
684
687
689
690
693
695
696
698
701
702
705
709
710
711
716
720
722
723
726
727
728
729
730
732
736
738
739
741
742
743
745
746
748
749
750
753
754
755
756
758
759
761
763
764
766
767
768
771
773
776
780
781
785
786
789
793
794
795
796
799
800
807
811
812
813
814
818
820
821
822
823
824
825
828
829
832
834
836
837
840
843
845
846
847
848
849
852
853
857
862
863
866
868
869
870
871
875
880
881
882
883
885
886
887
888
892
895
903
906
909
910
912
913
917
919
921
923
924
931
933
937
938
939
940
941
944
945
946
947
948
951
952
955
957
959
960
962
963
964
966
967
969
970
971
973
974
975
976
977
978
979
980
981
982
984
985
986
987
991
992
994
997
1001
1003
1005
1006
1007
1008
1009
1010
1011
1012
1013
1015
1016
1018
1019
1020
1021
1022
1027
1028
1036
1038
1040
1042
1043
1044
1045
1046
1047
1048
1050
1052
1055
1057
1058
1059
1060
1061
1062
1064
1066
1067
1068
1069
1071
1072
1073
1075
1077
1078
1079
1080
1082
1084
1086
1089
1092
1094
1095
1096
1097
1098
1099
1101
1102
1103
1112
1113
1115
1116
1117
1118
1119
1120
1124
1125
1126
1127
1128
1130
1131
1132
1133
1134
1135
1136
1137
1138
1139
1140
1142
1143
1144
1145
1147
1150
1151
1152
1156
1158
1160
1163
1164
1166
1168
1169
1171
1172
1173
1174
1175
1176
1179
1182
1183
1184
1185
1186
1187
1189
1191
1194
1195
1196
1197
1198
1199
1200
1201
1204
1208
1209
1210
1211
1212
1213
1214
1217
1219
1222
1223
1224
1226
1228
1233
1234
1236
1238
1240
1242
1243
1244
1246
1247
1249
1251
1254
1255
1257
1260
1262
1266
1267
1270
1272
1274
1277
1279
1280
1282
1283
1285
1288
1290
1295
1296
1297
1298
1299
1301
1303
1310
1311
1312
1314
1316
1318
1320
1321
1322
1323
1324
1325
1326
1327
1329
1331
1333
1334
1339
1340
1341
1346
1347
1348
1349
1351
1354
1355
1356
1357
1359
1365
1366
1367
1369
1371
1374
1375
1376
1378
1379
1380
1382
1383
1387
1388
1389
1390
1392
1395
1396
1397
1398
1401
1402
1404
1405
1406
1407
1411
1412
1415
1416
1419
1420
1422
1423
1424
1425
1426
1427
1429
1430
1434
1435
1436
1441
1442
1443
1444
1447
1448
1449
1450
1451
1452
1453
1455
1456
1457
1459
1460
1461
1462
1464
1465
1466
1467
1468
1470
1474
1478
1479
1481
1483
1484
1486
1487
1490
1491
1492
1493
1494
1495
1497
1499
1500
1502
1503
1504
1505
1506
1507
1508
1509
1510
1512
1514
1516
1517
1519
1520
1521
1522
1523
1528
1530
1531
1535
1538
1539
1543
1544
1546
1547
1548
1549
1550
1551
1552
1553
1554
1558
1561
1563
1564
1566
1567
1568
1571
1573
1575
1576
1578
1579
1582
1583
1584
1586
1587
1588
1590
1591
1592
1593
1595
1596
1598
1599
1600
1602
1603
1604
1605
1607
1609
1611
1614
1615
1616
1617
1618
1619
1621
1623
1624
1625
1628
1629
1630
1633
1634
1636
1638
1639
1640
1643
1644
1645
1646
1647
1648
1651
1653
1654
1655
1656
1657
1658
1660
1661
1662
1665
1666
1670
1672
1673
1676
1677
1678
1679
1680
1681
1682
1683
1684
1685
1686
1687
1688
1692
1693
1694
1695
1699
1700
1703
1704
1705
1707
1708
1712
1713
1714
1715
1717
1719
1722
1724
1725
1726
1727
1728
1730
1734
1739
1740
1741
1742
1744
1745
1748
1749
1752
1753
1754
1755
1756
1758
1759
1760
1762
1763
1764
1766
1769
1770
1771
1773
1775
1776
1778
1779
1780
1781
1782
1784
1786
1788
1789
1790
1791
1792
1793
1794
1795
1796
1797
1798
1800
1801
1802
1803
1804
1805
1807
1808
1809
1811
1813
1817
1818
1819
1825
1826
1827
1828
1830
1831
1832
1833
1834
1835
1836
1837
1838
1839
1843
1844
1846
1847
1849
1852
1855
1856
1857
1860
1862
1863
1864
1865
1869
1870
1871
1872
1875
1877
1878
1880
1882
1884
1885
1886
1887
1891
1892
1893
1894
1896
1899
1900
1901
1903
1904
1905
1906
1908
1911
1912
1913
1916
1918
1919
1923
1924
1925
1926
1928
1929
1933
1935
1936
1939
1941
1943
1944
1945
1946
1947
1950
1951
1953
1957
1959
1960
1961
1962
1963
1965
1966
1968
1970
1971
1972
1973
1974
1975
1976
1977
1978
1979
1980
1984
1985
1986
1987
1989
1992
1993
1994
1995
1998
2001
2002
2003
2004
2006
2008
2011
2012
2013
2014
2015
2017
2021
2022
2029
2030
2031
2032
2034
2037
2039
2041
2042
2043
2044
2045
2046
2050
2051
2052
2053
2055
2057
2058
2059
2060
2062
2064
2065
2066
2067
2068
2069
2072
2074
2075
2076
2079
2080
2084
2086
2087
2088
2092
2094
2095
2100
2102
2103
2104
2106
2108
2114
2115
2117
2118
2119
2123
2124
2128
2135
2136
2137
2142
2144
2147
2155
2156
2157
2158
2161
2162
2164
2165
2166
2168
2169
2170
2177
2179
2180
2181
2182
2183
2185
2188
2190
2194
2195
2197
2198
2199
2200
2201
2203
2204
2206
2207
2209
2210
2211
2212
2213
2216
2217
2218
2219
2220
2223
2225
2226
2234
2235
2238
2240
2241
2242
2243
2245
2247
2248
2249
2254
2257
2258
2260
2261
2266
2269
2271
2273
2275
2277
2278
2281
2282
2283
2284
2285
2286
2288
2289
2290
2293
2294
2300
2303
2313
2314
2318
2319
2320
2326
2770
