1278
1310
1329
1346
1356
1374
1385
1387
1388
1413
1415
1416
1417
1419
1420
1425
1427
1428
1429
1433
1434
1438
1440
1445
1446
1447
1448
1449
1451
1463
1464
1466
1467
1468
1471
1472
1476
1480
1483
1488
1489
1491
1492
1493
1496
1497
1498
1500
1501
1502
1503
1504
1505
1508
1509
1510
1511
1513
1516
1517
1519
1520
1521
1522
1523
1526
1527
1529
1530
1532
1533
1537
1541
1542
1548
1554
1555
1558
1559
1560
1561
1563
1564
1565
1566
1568
1569
1571
1572
1573
1574
1575
1576
1577
1578
1580
1581
1583
1589
1590
1593
1595
1596
1597
1598
1602
1603
1604
1605
1606
1608
1610
1611
1612
1615
1616
1619
1622
1630
1635
1638
1639
1649
1652
1655
1656
1659
1661
1662
1665
1667
1672
1676
