3
8
9
10
11
14
15
16
18
20
21
23
24
25
27
28
31
32
33
34
35
37
39
41
42
43
44
45
46
49
52
56
59
65
66
68
69
70
71
78
79
80
81
82
84
86
87
89
90
91
92
99
102
104
106
107
114
115
117
125
126
127
133
135
139
140
142
145
149
152
157
158
163
166
167
170
172
173
174
176
177
179
181
182
183
184
185
193
194
196
197
198
199
202
203
204
212
214
215
217
220
221
222
224
225
226
227
228
230
231
234
240
241
243
244
246
248
249
253
254
256
257
258
259
260
262
264
266
267
268
269
273
274
276
278
280
281
283
284
286
291
292
296
297
301
303
307
308
310
319
320
324
326
330
331
334
335
342
343
348
349
350
351
352
356
359
360
361
367
369
374
376
377
378
382
386
389
390
394
395
396
400
408
409
413
414
417
418
421
423
424
427
428
430
434
435
436
437
439
441
442
443
444
446
447
449
450
452
457
458
462
465
466
467
468
469
470
472
474
475
476
477
478
482
485
486
489
493
494
496
497
502
503
505
506
508
509
511
512
515
516
517
520
521
528
529
530
532
533
536
538
539
540
541
544
545
547
550
552
553
554
556
557
559
560
561
562
572
581
585
587
589
591
592
593
595
596
597
598
601
602
603
604
605
606
609
610
611
612
614
616
617
619
620
621
622
625
626
628
638
640
641
642
645
647
648
649
651
652
653
654
655
657
658
659
660
661
663
666
667
670
675
676
679
680
686
687
689
694
695
696
698
700
701
704
707
708
714
716
718
719
720
721
722
724
726
728
729
730
736
737
739
740
742
745
746
748
749
751
753
755
763
764
767
768
769
771
774
778
779
781
782
783
785
786
789
793
794
795
796
799
800
801
802
803
807
808
811
812
813
818
819
820
821
822
823
825
827
829
832
833
837
838
840
841
842
843
844
846
847
850
852
858
863
864
865
867
868
869
871
872
873
875
876
877
879
883
884
885
886
887
888
891
892
893
898
900
901
902
904
906
908
909
911
913
914
915
916
917
918
920
921
923
924
925
927
928
929
930
932
934
935
938
939
940
942
943
947
948
950
951
952
953
954
955
956
957
958
959
960
961
962
963
964
965
966
967
969
970
971
973
974
976
977
978
980
985
986
988
989
991
996
997
998
999
1000
1001
1002
1003
1004
1005
1006
1009
1012
1015
1016
1017
1018
1024
1026
1027
1029
1033
1034
1035
1036
1037
1038
1040
1041
1042
1046
1049
1050
1051
1053
1055
1056
1058
1059
1060
1061
1062
1065
1066
1067
1068
1071
1072
1075
1076
1077
1078
1079
1080
1081
1083
1084
1087
1088
1090
1091
1092
1094
1095
1096
1098
1099
1103
1104
1106
1108
1109
1110
1111
1115
1116
1117
1120
1121
1124
1125
1126
1127
1128
1129
1131
1132
1135
1136
1138
1139
1141
1142
1145
1146
1149
1150
1152
1153
1156
1159
1160
1165
1166
1167
1169
1170
1174
1175
1177
1179
1180
1181
1182
1184
1185
1186
1187
1188
1189
1198
1200
1202
1204
1207
1213
1214
1215
1216
1220
1221
1222
1225
1228
1229
1233
1234
1235
1237
1241
1242
1243
1244
1245
1246
1248
1253
1255
1256
1259
1260
1261
1263
1264
1265
1266
1268
1269
1270
1274
1275
1276
1281
1284
1285
1286
1291
1292
1295
1296
1297
1299
1302
1310
1314
1315
1317
1318
1319
1321
1322
1323
1325
1326
1328
1330
1335
1338
1339
1340
1342
1343
1344
1348
1349
1352
1353
1355
1358
1359
1360
1361
1362
1367
1368
1370
1371
1372
1377
1380
1381
1385
1391
1394
1398
1399
1400
1406
1407
1410
1411
1414
1420
1421
1423
1427
1430
1432
1435
1437
1440
1442
1446
1447
1449
1450
1451
1452
1458
1459
1465
1466
1468
1470
1471
1473
1474
1475
1478
1479
1481
1492
1496
1497
1498
1500
1501
1503
1504
1515
1516
1522
1525
1527
1529
1532
1538
1539
1543
1547
1551
1553
1558
1563
1567
1569
1570
1571
1572
1574
1577
1580
1582
1583
1584
1586
1587
1588
1590
1592
1593
1595
1598
1600
1601
1602
1608
1610
1612
1615
1620
1621
1624
1625
1627
1628
1635
1637
1638
1639
1643
1651
1653
1655
1660
1661
1662
1667
1674
1678
1679
1685
1686
1692
1695
1696
1697
1711
1717
1721
1722
1727
1736
1737
1743
1744
1745
1746
1747
1748
1750
1753
1756
1757
1759
1762
1766
1767
1771
1776
1777
1779
1792
1797
1798
1811
1815
1821
1823
