257
312
313
363
429
432
446
506
526
544
548
549
554
555
556
557
559
561
562
563
564
565
567
568
569
573
574
576
577
579
580
581
582
583
584
585
586
592
595
596
597
598
599
600
601
602
603
604
605
607
608
610
611
614
615
617
618
619
620
623
624
626
627
629
630
632
633
635
636
637
638
640
641
642
643
644
645
646
649
652
653
654
657
658
659
661
662
663
664
666
667
668
673
675
676
678
683
686
688
696
697
698
699
700
701
703
704
708
709
710
711
712
714
715
716
717
718
719
720
724
725
726
727
728
729
730
731
732
736
739
740
742
743
744
745
746
747
750
751
755
756
758
763
765
766
767
768
773
774
775
776
777
778
779
780
781
782
783
784
785
786
787
789
790
