87
107
271
442
556
602
642
657
716
721
732
751
756
786
827
877
899
927
973
1019
1048
1050
1057
1062
1089
1096
1125
1147
1161
1163
1170
1174
1175
1176
1179
1181
1182
1184
1185
1189
1190
1191
1192
1193
1200
1201
1203
1206
1208
1212
1214
1216
1219
1220
1221
1222
1229
1232
1236
1238
1239
1241
1246
1247
1252
1253
1256
1262
1263
1264
1268
1269
1270
1271
1273
1277
1282
1291
1292
1293
1294
1297
1305
1307
1311
1315
1316
1317
1318
1319
1321
1322
1323
1324
1326
1327
1328
1331
1333
1334
1335
1336
1337
1338
1339
1340
1342
1343
1344
1345
1346
1351
1352
1353
1354
1355
1357
1358
1361
1367
1373
1374
1377
1379
1380
1382
1384
1386
1387
1388
1389
1390
1395
1397
1400
1403
1406
1408
1411
1412
1413
1414
1417
1419
1427
1430
1431
1432
1433
1437
1439
1440
1448
1451
1454
1459
1465
1466
1471
1474
1478
1481
1483
1489
1490
1493
1494
1495
1496
1497
1499
1501
1503
1505
1509
1510
1513
1514
1521
1522
1533
1535
1536
1538
1540
1551
1552
1553
1557
1560
1562
1564
1572
1573
1575
1576
1578
1581
1583
1584
1585
1590
1591
1596
1597
1598
1601
1602
1603
1606
1610
1613
1615
1619
1620
1622
1624
1625
1627
1628
1629
1632
1638
1641
1642
1643
1645
1646
1647
1648
1655
1657
1659
1662
1663
1666
1667
1670
1672
1673
1679
1683
1691
1695
1696
1697
1699
1700
1701
1702
1706
1713
1714
1715
1718
1719
1725
1728
1730
1732
1733
1744
1746
1750
1751
1753
1754
1755
1756
1758
1759
1766
1769
1770
1771
1773
1774
1778
1779
1781
1783
1786
1789
1791
1795
1796
1797
1798
1799
1810
1811
1812
1815
1819
1821
1830
1831
1834
1835
1836
1837
1839
1843
1844
1849
1851
1852
1857
1858
1860
1861
1862
1863
1864
1867
1870
1873
1874
1877
1878
1883
1887
1888
1891
1894
1895
1897
1900
1901
1904
1906
1909
1910
1911
1913
1918
1923
1926
1933
1938
1939
1945
1946
1953
1964
1966
1968
1969
1972
1973
1974
1975
1979
1981
1982
1984
1986
1988
1992
